deltaT 0.1
//körpername;x-koordinate;y-koordinate;Masse in kg;Radius (Einheit wie K-System); V(x,y); RGB (Farbe)
//Body One 2 3 1e16 10 1 1 120 120 12
Body Körper1 0.00 0.00 6E+12 24 0 0 221 146 85
Body Körper2 120.00 120.00 6.9E+10 20 0.3 -0.3 165 198 237
Body Körper3 -150.00 150.00 1E+5 10 0.4 0.4 167 56 234
Body Körper4 -135.00 -135.00 1.6E+8 16 -0.3 0.3 184 245 14
//Body Körper5 3.00 32.00 7.32E+25 1.57 0.13 0.80 165 45 135
Body Körper6 170.00 -170.00 4E+9 18 -0.3 -0.3 236 141 178
//Body Körper7 42.00 69.00 9.94E+59 1.37 0.15 0.95 131 161 202
//Body Körper8 73.00 59.00 9.20E+59 0.80 0.61 0.88 177 242 226
//Body Körper9 63.00 59.00 5.54E+59 3.33 0.98 0.49 214 185 127
//Body Körper10 91.00 20.00 7.88E+59 0.27 0.61 0.92 115 245 52
//Body Körper11 27.00 50.00 7.51E+59 1.40 0.21 0.21 837 62 84
//Body Körper12 45.00 31.00 7.97E+59 1.13 0.83 0.17 47 108 7
//Body Körper13 29.00 94.00 4.88E+59 2.87 0.33 0.49 163 142 109
//Body Körper14 92.00 59.00 8.99E+59 2.97 0.81 0.59 236 185 44
//Body Körper15 34.00 73.00 4.44E+59 0.70 0.99 0.80 110 46 44
//Body Körper16 4.00 26.00 3.88E+58 3.20 0.15 0.63 95 172 216
//Body Körper17 78.00 56.00 9.00E+59 0.60 0.82 0.38 217 166 164
//Body Körper18 82.00 92.00 4.21E+59 3.13 0.82 0.46 98 35 199
//Body Körper19 20.00 18.00 6.41E+59 2.30 0.97 0.37 115 52 196
//Body Körper20 82.00 83.00 7.57E+59 1.97 0.05 0.40 219 46 81
//Body Körper21 6.00 32.00 5.74E+59 0.90 0.90 0.75 140 242 7
//Body Körper22 11.00 79.00 2.20E+59 2.23 0.13 0.09 27 57 143
//Body Körper23 86.00 48.00 3.04E+59 0.43 0.13 0.71 107 138 76
//Body Körper24 16.00 41.00 2.87E+59 2.93 0.13 0.83 84 180 190
//Body Körper25 16.00 95.00 7.86E+59 0.30 0.47 0.74 76 161 7
//Body Körper26 59.00 44.00 6.19E+59 1.47 0.30 0.66 160 67 46